1 C 8000000 10 100 1e-09 375000000 50000 7.425e-06 2e-07 5
2 C 8000000 10 100 1e-09 375000000 50000 7.425e-06 2e-07 5
3 C 8000000 10 100 1e-09 375000000 50000 7.425e-06 2e-07 5
4 C 8000000 10 100 1e-09 375000000 50000 7.425e-06 2e-07 5
5 C 8000000 10 100 1e-09 375000000 50000 7.425e-06 2e-07 5
6 C 8000000 10 100 1e-09 375000000 50000 7.425e-06 2e-07 5
7 C 8000000 10 100 1e-09 375000000 50000 7.425e-06 2e-07 5
8 C 8000000 10 100 1e-09 375000000 50000 7.425e-06 2e-07 5
9 C 8000000 10 100 1e-09 375000000 50000 7.425e-06 2e-07 5
10 C 8000000 10 100 1e-09 375000000 50000 7.425e-06 2e-07 5
11 C 8000000 10 100 1e-09 375000000 50000 7.425e-06 2e-07 5
12 C 8000000 10 100 1e-09 375000000 50000 7.425e-06 2e-07 5
13 C 8000000 10 100 1e-09 375000000 50000 7.425e-06 2e-07 5
14 C 8000000 10 100 1e-09 375000000 50000 7.425e-06 2e-07 5
15 C 8000000 10 100 1e-09 375000000 50000 7.425e-06 2e-07 5
16 C 8000000 10 100 1e-09 375000000 50000 7.425e-06 2e-07 5
17 C 8000000 10 100 1e-09 375000000 50000 7.425e-06 2e-07 5
18 C 8000000 10 100 1e-09 375000000 50000 7.425e-06 2e-07 5
19 C 8000000 10 100 1e-09 375000000 50000 7.425e-06 2e-07 5
20 C 8000000 10 100 1e-09 375000000 50000 7.425e-06 2e-07 5
21 I16000000 8000000 10 100 1e-09 375000000 50000 7.425e-06 2e-07 5
22 I16000000 8000000 10 100 1e-09 375000000 50000 7.425e-06 2e-07 5
23 I16000000 8000000 10 100 1e-09 375000000 50000 7.425e-06 2e-07 5
24 I16000000 8000000 10 100 1e-09 375000000 50000 7.425e-06 2e-07 5
25 I16000000 8000000 10 100 1e-09 375000000 50000 7.425e-06 2e-07 5
26 I16000000 8000000 10 100 1e-09 375000000 50000 7.425e-06 2e-07 5
27 I16000000 8000000 10 100 1e-09 375000000 50000 7.425e-06 2e-07 5
28 I16000000 8000000 10 100 1e-09 375000000 50000 7.425e-06 2e-07 5
29 I16000000 8000000 10 100 1e-09 375000000 50000 7.425e-06 2e-07 5
30 I16000000 8000000 10 100 1e-09 375000000 50000 7.425e-06 2e-07 5
31 I16000000 8000000 10 100 1e-09 375000000 50000 7.425e-06 2e-07 5
32 I16000000 8000000 10 100 1e-09 375000000 50000 7.425e-06 2e-07 5
33 I16000000 8000000 10 100 1e-09 375000000 50000 7.425e-06 2e-07 5
34 I16000000 8000000 10 100 1e-09 375000000 50000 7.425e-06 2e-07 5
35 I16000000 8000000 10 100 1e-09 375000000 50000 7.425e-06 2e-07 5
36 I16000000 8000000 10 100 1e-09 375000000 50000 7.425e-06 2e-07 5
37 I16000000 8000000 10 100 1e-09 375000000 50000 7.425e-06 2e-07 5
38 I16000000 8000000 10 100 1e-09 375000000 50000 7.425e-06 2e-07 5
39 I16000000 8000000 10 100 1e-09 375000000 50000 7.425e-06 2e-07 5
40 I16000000 8000000 10 100 1e-09 375000000 50000 7.425e-06 2e-07 5
