line_type	tag	concordant_site_freq	num_introgressed_1	num_introgressed_0	seq_ids_('par', 'bay')	seq_ids_('par', 'par')	seq_ids_('cer', 'cer')	seq_ids_('cer', 'bay')	seq_ids_('bay', 'bay')	seq_ids_('cer', 'par')	concordant_tree_frac
mean	s1	1.0	0.0	0.0	0.58443856	NA	0.99855238	0.58439973	NA	0.86059429	1.0
std_err	s1	0.0	0.0	0.0	0.000105816080864	NA	4.19358193976e-05	0.000103744432788	NA	6.99343285247e-05	0.0
bs_lower	s1	1.0	0.0	0.0	0.58428018	NA	0.99848756	0.58423268	NA	0.86047004	1.0
bs_upper	s1	1.0	0.0	0.0	0.58473186	NA	0.99865218	0.58460726	NA	0.86069648	1.0
mean	s2	0.59469848	50000.0	50000.0	0.58433856	NA	0.9968104	0.58433108	NA	0.99498158	0.594689029073
std_err	s2	0.0148780075033	0.0	0.0	0.000100875405198	NA	0.000120777185629	0.000100654477086	NA	9.52239923145e-05	0.0148731801906
bs_lower	s2	0.56634892	50000.0	50000.0	0.58415958	NA	0.99656796	0.58410602	NA	0.99479386	0.56679643408
bs_upper	s2	0.6286059	50000.0	50000.0	0.5845899	NA	0.99697464	0.5845478	NA	0.99518924	0.622255371197
mean	s3	0.9944595	15394.551	15356.177	0.5846088	NA	0.99796686	0.58458861	NA	0.88317295	0.994457755365
std_err	s3	0.00214302591721	692.92702218	691.477128531	0.000100190973601	NA	0.000225954868376	9.85158451197e-05	NA	0.00121169494686	0.00214642812592
bs_lower	s3	0.99005004	13994.427	14041.182	0.58444546	NA	0.99750824	0.58438495	NA	0.88127475	0.990279289209
bs_upper	s3	0.99844412	16583.516	16619.33	0.5848114	NA	0.99831094	0.58475487	NA	0.88545066	0.998111220712
mean	s4	1.0	0.0	0.0	0.5844553	NA	0.99849478	0.58444735	NA	0.86061233	1.0
std_err	s4	0.0	0.0	0.0	9.75442976293e-05	NA	4.41767261659e-05	9.75461805241e-05	NA	6.40393934623e-05	0.0
bs_lower	s4	1.0	0.0	0.0	0.58431024	NA	0.99841876	0.58427486	NA	0.86049755	1.0
bs_upper	s4	1.0	0.0	0.0	0.58463526	NA	0.99857114	0.58463738	NA	0.86075909	1.0
mean	s5	0.58725836	50000.0	50000.0	0.58470434	NA	0.99683636	0.5847041	NA	0.99496626	0.586828567916
std_err	s5	0.0143119441456	0.0	0.0	0.000100085140754	NA	0.000106199768084	0.000100092564716	NA	9.79547167774e-05	0.0143080347921
bs_lower	s5	0.56626418	50000.0	50000.0	0.58449946	NA	0.99655108	0.58452599	NA	0.99480292	0.560341906651
bs_upper	s5	0.61886056	50000.0	50000.0	0.58487608	NA	0.9969936	0.58489188	NA	0.99515662	0.608912955022
mean	s6	0.98976082	15902.208	16147.571	0.5843501	NA	0.99719318	0.58444343	NA	0.88377411	0.989729148629
std_err	s6	0.00313013585645	670.989532814	674.456316907	9.60336026755e-05	NA	0.000418053388125	9.72107919584e-05	NA	0.00117442255835	0.0031382398543
bs_lower	s6	0.98389122	14810.166	15063.762	0.58411888	NA	0.99654416	0.58424375	NA	0.88180257	0.985084271284
bs_upper	s6	0.99563042	17006.433	17303.835	0.58456136	NA	0.99789088	0.5846592	NA	0.885892	0.996103174603
mean	s7	1.0	0.0	0.0	0.58446834	NA	0.99846022	0.58447955	NA	0.86052121	1.0
std_err	s7	0.0	0.0	0.0	9.41758139244e-05	NA	4.01507314109e-05	9.34244262542e-05	NA	6.13458861999e-05	0.0
bs_lower	s7	1.0	0.0	0.0	0.5842587	NA	0.9983746	0.58424555	NA	0.86040739	1.0
bs_upper	s7	1.0	0.0	0.0	0.58466872	NA	0.99854594	0.58465886	NA	0.86062466	1.0
mean	s8	0.63109248	50000.0	50000.0	0.58456048	NA	0.9970294	0.58457498	NA	0.99465178	0.630688851089
std_err	s8	0.0131314447945	0.0	0.0	9.65293161608e-05	NA	9.783549982e-05	9.67926764886e-05	NA	9.80732879096e-05	0.0131290293224
bs_lower	s8	0.60834	50000.0	50000.0	0.58432326	NA	0.99680692	0.58439043	NA	0.99443381	0.60237204951
bs_upper	s8	0.65802366	50000.0	50000.0	0.58472324	NA	0.99721008	0.58477801	NA	0.99480423	0.656958793283
mean	s9	0.99387042	16393.128	16320.557	0.58451636	NA	0.99781414	0.58451913	NA	0.88437133	0.993812918407
std_err	s9	0.00198115221665	635.321716433	634.188526051	9.70458687995e-05	NA	0.00024738047611	9.72696454554e-05	NA	0.00111500062678	0.00199102774588
bs_lower	s9	0.98876746	15482.018	15142.224	0.58434116	NA	0.99737232	0.58434286	NA	0.88211994	0.989672285388
bs_upper	s9	0.99771418	17450.585	17659.498	0.5847539	NA	0.99830122	0.58468808	NA	0.88681512	0.997303748509
mean	s10	1.0	0.0	0.0	0.5829052	NA	0.99694164	0.58300026	NA	0.85904498	1.0
std_err	s10	0.0	0.0	0.0	0.000115941182147	NA	8.79315897438e-05	0.000115868600859	NA	9.47260947819e-05	0.0
bs_lower	s10	1.0	0.0	0.0	0.58271334	NA	0.9967417	0.58278295	NA	0.85887532	1.0
bs_upper	s10	1.0	0.0	0.0	0.58317906	NA	0.99708772	0.58324053	NA	0.85926036	1.0
mean	s11	0.48328668	50000.0	50000.0	0.58299394	NA	0.99478026	0.58300253	NA	0.99336231	0.481938471542
std_err	s11	0.0144352445515	0.0	0.0	0.000118088793031	NA	0.000144969753265	0.00011732969853	NA	0.000113485358926	0.0144256968693
bs_lower	s11	0.45857686	50000.0	50000.0	0.58276512	NA	0.99439004	0.58270294	NA	0.99314417	0.457847703851
bs_upper	s11	0.50912502	50000.0	50000.0	0.5832128	NA	0.99506184	0.58322123	NA	0.99353925	0.5073060516
mean	s12	0.9800262	14445.365	14428.937	0.58305036	NA	0.99465056	0.58301582	NA	0.8800935	0.980210310407
std_err	s12	0.00405313355086	653.47908496	655.234476202	0.000121430337219	NA	0.000522232156528	0.000120511716449	NA	0.00113376986592	0.00401873689879
bs_lower	s12	0.97212812	13166.713	13166.723	0.58282196	NA	0.99363534	0.58280588	NA	0.87761918	0.970664208055
bs_upper	s12	0.98654872	15745.037	15918.95	0.58327486	NA	0.99567974	0.58329695	NA	0.88227212	0.986014379587
mean	s13	1.0	0.0	0.0	0.58281642	NA	0.997047	0.58286692	NA	0.85904394	1.0
std_err	s13	0.0	0.0	0.0	0.000112112289911	NA	7.77845269487e-05	0.000113097353306	NA	8.34556956087e-05	0.0
bs_lower	s13	1.0	0.0	0.0	0.58263422	NA	0.99687824	0.58265594	NA	0.85884839	1.0
bs_upper	s13	1.0	0.0	0.0	0.58303626	NA	0.9971786	0.58316662	NA	0.85923349	1.0
mean	s14	0.483737	50000.0	50000.0	0.58309864	NA	0.99487764	0.58309844	NA	0.99324752	0.482947297422
std_err	s14	0.013600274503	0.0	0.0	0.000115273232229	NA	0.000132393970383	0.000115034270762	NA	0.000106070879515	0.0135984254577
bs_lower	s14	0.45940116	50000.0	50000.0	0.58286386	NA	0.99459696	0.58289217	NA	0.99302201	0.457488083097
bs_upper	s14	0.50769158	50000.0	50000.0	0.58338736	NA	0.99515718	0.58331068	NA	0.99348901	0.510462332044
mean	s15	0.98803468	15959.771	15869.695	0.5828992	NA	0.99576146	0.58285467	NA	0.88179973	0.988007356131
std_err	s15	0.00297728064	618.424031373	617.087752705	0.000113622609799	NA	0.000366866351125	0.000113787863892	NA	0.00107006953935	0.00297700647717
bs_lower	s15	0.98225232	14697.311	14764.48	0.58269384	NA	0.99493752	0.5826632	NA	0.87967305	0.983639908433
bs_upper	s15	0.9927027	17247.705	17066.158	0.58315372	NA	0.99633098	0.58304368	NA	0.88392785	0.9928914779
mean	s16	1.0	0.0	0.0	0.58298766	NA	0.99705462	0.58300309	NA	0.85901351	1.0
std_err	s16	0.0	0.0	0.0	0.000101648703796	NA	6.9260682192e-05	0.000102422921296	NA	7.49293626644e-05	0.0
bs_lower	s16	1.0	0.0	0.0	0.58277072	NA	0.99691222	0.58283763	NA	0.85883835	1.0
bs_upper	s16	1.0	0.0	0.0	0.58317644	NA	0.99718548	0.58322183	NA	0.85915963	1.0
mean	s17	0.49726924	50000.0	50000.0	0.5830027	NA	0.99490992	0.5830042	NA	0.9932318	0.496876668756
std_err	s17	0.0122559090938	0.0	0.0	0.000107134216992	NA	0.000119487494136	0.000106728351908	NA	9.50798440088e-05	0.0122468621137
bs_lower	s17	0.47601644	50000.0	50000.0	0.58281278	NA	0.9946095	0.58278119	NA	0.99303863	0.467032413277
bs_upper	s17	0.51991328	50000.0	50000.0	0.58322302	NA	0.99519064	0.58317394	NA	0.99342731	0.519996388102
mean	s18	0.98253478	15487.48	15507.835	0.5830557	NA	0.99505608	0.58311302	NA	0.88202608	0.982338238735
std_err	s18	0.00324834680324	552.814876391	549.640065918	0.000106887666657	NA	0.000402089740223	0.000104536813731	NA	0.00098171628697	0.00327374683747
bs_lower	s18	0.97509624	14451.231	14086.042	0.58281594	NA	0.99436922	0.58290747	NA	0.88041029	0.973339545588
bs_upper	s18	0.98818788	16602.378	16816.029	0.58328516	NA	0.99579322	0.5832426	NA	0.88417685	0.988435444291
mean	s19	1.0	0.0	0.0	0.58047972	NA	0.99427002	0.58047177	NA	0.85629285	1.0
std_err	s19	0.0	0.0	0.0	0.000155327030513	NA	0.000151887453722	0.000155084258693	NA	0.000144360272464	0.0
bs_lower	s19	1.0	0.0	0.0	0.5801442	NA	0.99393776	0.58018039	NA	0.85603897	1.0
bs_upper	s19	1.0	0.0	0.0	0.58081874	NA	0.99466956	0.5807936	NA	0.85656499	1.0
mean	s20	0.37420818	50000.0	50000.0	0.58009782	NA	0.991219	0.58010778	NA	0.99053898	0.374565687736
std_err	s20	0.0132496625977	0.0	0.0	0.00016120020457	NA	0.000189081257458	0.000161103241824	NA	0.000144106003691	0.0132402804245
bs_lower	s20	0.35194412	50000.0	50000.0	0.5797974	NA	0.99087224	0.57979857	NA	0.99026461	0.350472454002
bs_upper	s20	0.39782904	50000.0	50000.0	0.58040076	NA	0.99152578	0.58035721	NA	0.99082278	0.400416194717
mean	s21	0.96471424	15657.119	15484.195	0.58007388	NA	0.98972664	0.5802094	NA	0.88072984	0.964091609629
std_err	s21	0.00505747853191	631.021324885	625.859991509	0.000161564139328	NA	0.000657058785009	0.000161446125043	NA	0.00115759571847	0.00510681667595
bs_lower	s21	0.954075	14532.717	14350.914	0.57975808	NA	0.98838324	0.5799037	NA	0.87881435	0.953899055701
bs_upper	s21	0.974304	16926.238	16502.385	0.58038764	NA	0.99074526	0.58045671	NA	0.88313572	0.972921983015
mean	s22	1.0	0.0	0.0	0.58008972	NA	0.99414196	0.58025192	NA	0.85618736	1.0
std_err	s22	0.0	0.0	0.0	0.000141638824756	NA	0.000142023980262	0.000139481531434	NA	0.000121898326619	0.0
bs_lower	s22	1.0	0.0	0.0	0.57981936	NA	0.99385064	0.57992411	NA	0.85598416	1.0
bs_upper	s22	1.0	0.0	0.0	0.58037978	NA	0.99442834	0.58051882	NA	0.85639292	1.0
mean	s23	0.39708754	50000.0	50000.0	0.58021828	NA	0.99127296	0.58020882	NA	0.99039902	0.396749844449
std_err	s23	0.0120722977509	0.0	0.0	0.000139499753487	NA	0.000179210395916	0.000139378393391	NA	0.000131926974369	0.012066815016
bs_lower	s23	0.3743717	50000.0	50000.0	0.57992612	NA	0.99092576	0.57991943	NA	0.99019244	0.369782769783
bs_upper	s23	0.42064902	50000.0	50000.0	0.58049442	NA	0.99160908	0.58045205	NA	0.99076489	0.420457114807
mean	s24	0.97228684	14967.539	14973.496	0.58003438	NA	0.99102538	0.57999929	NA	0.87907845	0.971985848796
std_err	s24	0.00411853508934	561.939195583	558.04159705	0.000142307816828	NA	0.000531293697731	0.000141344883785	NA	0.000988679698711	0.00412784483127
bs_lower	s24	0.9627695	14107.564	13943.817	0.57979398	NA	0.9899068	0.57972017	NA	0.87716204	0.965370616875
bs_upper	s24	0.98085414	16083.836	16259.929	0.58027546	NA	0.99191054	0.58026489	NA	0.88067579	0.980396221984
mean	s25	1.0	0.0	0.0	0.58021388	NA	0.99403442	0.58019703	NA	0.85625699	1.0
std_err	s25	0.0	0.0	0.0	0.000130569588201	NA	0.000121542981533	0.000129027440335	NA	0.000100656241331	0.0
bs_lower	s25	1.0	0.0	0.0	0.57996672	NA	0.9938347	0.57985872	NA	0.85604627	1.0
bs_upper	s25	1.0	0.0	0.0	0.58045244	NA	0.99425916	0.58048471	NA	0.85643226	1.0
mean	s26	0.39577848	50000.0	50000.0	0.58016992	NA	0.99151882	0.58017215	NA	0.99055853	0.395018561134
std_err	s26	0.0103822046466	0.0	0.0	0.000125861439272	NA	0.000145829339997	0.000125970125625	NA	0.000108895905604	0.0103503011962
bs_lower	s26	0.37542608	50000.0	50000.0	0.57990286	NA	0.99137088	0.57998334	NA	0.99036154	0.377309250803
bs_upper	s26	0.41454148	50000.0	50000.0	0.58046072	NA	0.99186848	0.58038034	NA	0.99074179	0.417257479982
mean	s27	0.96787072	14900.215	14761.399	0.579905	NA	0.99046344	0.57990926	NA	0.87861824	0.967489206351
std_err	s27	0.0042375327242	467.121989945	461.609785488	0.000132054530399	NA	0.000554847981026	0.000132291368799	NA	0.000833333922344	0.00425245423057
bs_lower	s27	0.96035358	14165.739	14078.85	0.57963634	NA	0.98938964	0.57959786	NA	0.87710329	0.95933840013
bs_upper	s27	0.97498132	15804.093	15666.636	0.5801913	NA	0.9916337	0.58015697	NA	0.87999408	0.974790742512
mean	s28	0.4646453	50000.0	50000.0	0.58303382	NA	0.99476874	0.58304399	NA	0.99344021	0.464563675384
std_err	s28	0.0137082258245	0.0	0.0	0.000122001994632	NA	0.00013935470335	0.000122203055472	NA	0.000106843640051	0.0136993044409
bs_lower	s28	0.43265118	50000.0	50000.0	0.58282054	NA	0.99451788	0.58277919	NA	0.99324491	0.438946030116
bs_upper	s28	0.48949796	50000.0	50000.0	0.58325972	NA	0.99498644	0.58333989	NA	0.99367132	0.495514824254
mean	s29	0.4515237	50000.0	50000.0	0.58307822	NA	0.99457262	0.58308217	NA	0.99340049	0.452041987697
std_err	s29	0.0136838755731	0.0	0.0	0.000115401172707	NA	0.000136545187113	0.000115055661296	NA	0.000101366861945	0.0136694883101
bs_lower	s29	0.42616624	50000.0	50000.0	0.58286448	NA	0.99426774	0.58283106	NA	0.99321987	0.422811965082
bs_upper	s29	0.47463874	50000.0	50000.0	0.58330386	NA	0.99482394	0.58335156	NA	0.99357172	0.480771026276
mean	s30	0.44840084	50000.0	50000.0	0.58315102	NA	0.99464822	0.58315063	NA	0.99329497	0.449181035543
std_err	s30	0.013540554425	0.0	0.0	0.000108235374328	NA	0.000136613320108	0.000107999932818	NA	0.000111583163611	0.0135424065526
bs_lower	s30	0.41971154	50000.0	50000.0	0.58290098	NA	0.9943489	0.58287962	NA	0.99309558	0.426109642196
bs_upper	s30	0.47151686	50000.0	50000.0	0.58332738	NA	0.99485854	0.58337018	NA	0.99351651	0.47560549859
mean	s31	0.47869178	50000.0	50000.0	0.5830426	NA	0.99489466	0.58303507	NA	0.99348577	0.478355459324
std_err	s31	0.0136245312874	0.0	0.0	0.000113724076631	NA	0.000129405344664	0.00011303607012	NA	0.000102140689872	0.0136135612929
bs_lower	s31	0.4548601	50000.0	50000.0	0.58282584	NA	0.9946135	0.58282574	NA	0.99326411	0.447222000775
bs_upper	s31	0.50785484	50000.0	50000.0	0.58324164	NA	0.99512596	0.58321215	NA	0.99362839	0.503718451055
